50
8
1 1 3 0.6 0.6 0 0 0 0 0 0.05 0.05 0.05

3 2 3 -4 0 0 -90 0 0 1 1.5 1.5 1.5
3 2 3 -5 -0.9 0 -90 0 0 1 1.5 1.5 1.5
3 2 3 -6 0.9 0 -90 0 0 1 1.5 1.5 1.5
3 2 3 -7 0.5 0 -90 0 0 1 1.5 1.5 1.5
3 2 3 -8 0 0 -90 0 0 1 1.5 1.5 1.5
3 2 3 -9 -0.9 0 -90 0 0 1 1.5 1.5 1.5
3 2 3 -10 0.9 0 -90 0 0 1 1.5 1.5 1.5
3 2 3 -11 0.5 0 -90 0 0 1 1.5 1.5 1.5

4 0 0 0 -0.1 0.8 0 0 1 0 6 1 1
5 0 0 0 -0.1 0.8 0 0 1 0 15 15 1

6 0 0 -2.5 -1.2 0 -90 0 0 1 0.01 0.01 0.01
6 0 0 -1 -1.2 0 -90 0 0 1 0.01 0.01 0.01
6 0 0 1 -1.2 0 -90 0 0 1 0.01 0.01 0.01
6 0 0 2.5 -1.2 0 -90 0 0 1 0.01 0.01 0.01

6 0 0 -2.5 1.4 0 90 0 0 1 0.01 0.01 0.01
6 0 0 -1 1.4 0 90 0 0 1 0.01 0.01 0.01
6 0 0 1 1.4 0 90 0 0 1 0.01 0.01 0.01
6 0 0 2.5 1.4 0 90 0 0 1 0.01 0.01 0.01

7 0 0 3.5 -1.1 -0.2 0 0 0 1 0.002 0.002 0.002
7 0 0 3 -1.1 -0.2 0 0 0 1 0.002 0.002 0.002
7 0 0 2.5 -1.1 -0.2  0 0 0 1 0.002 0.002 0.002
7 0 0 2 -1.1 -0.2  0 0 0 1 0.002 0.002 0.002
7 0 0 1.5 -1.1 -0.2  0 0 0 1 0.002 0.002 0.002
7 0 0 1 -1.1 -0.2  0 0 0 1 0.002 0.002 0.002
7 0 0 0.5 -1.1 -0.2  0 0 0 1 0.002 0.002 0.002
7 0 0 0 -1.1 -0.2  0 0 0 1 0.002 0.002 0.002
7 0 0 -0.5 -1.1 -0.2  0 0 0 1 0.002 0.002 0.002
7 0 0 -1 -1.1 -0.2  0 0 0 1 0.002 0.002 0.002
7 0 0 -1.5 -1.1 -0.2  0 0 0 1 0.002 0.002 0.002
7 0 0 -2 -1.1 -0.2  0 0 0 1 0.002 0.002 0.002
7 0 0 -2.5 -1.1 -0.2  0 0 0 1 0.002 0.002 0.002
7 0 0 -3 -1.1 -0.2  0 0 0 1 0.002 0.002 0.002
7 0 0 -3.5 -1.1 -0.2  0 0 0 1 0.002 0.002 0.002
7 0 0 -4 -1.1 -0.2  0 0 0 1 0.002 0.002 0.002

7 0 0 3.5 1.1 -0.2 0 0 0 1 0.002 0.002 0.002
7 0 0 3 1.1 -0.2 0 0 0 1 0.002 0.002 0.002
7 0 0 2.5 1.1 -0.2  0 0 0 1 0.002 0.002 0.002
7 0 0 2 1.1 -0.2  0 0 0 1 0.002 0.002 0.002
7 0 0 1.5 1.1 -0.2  0 0 0 1 0.002 0.002 0.002
7 0 0 1 1.1 -0.2  0 0 0 1 0.002 0.002 0.002
7 0 0 0.5 1.1 -0.2  0 0 0 1 0.002 0.002 0.002
7 0 0 0 1.1 -0.2  0 0 0 1 0.002 0.002 0.002
7 0 0 -0.5 1.1 -0.2  0 0 0 1 0.002 0.002 0.002
7 0 0 -1 1.1 -0.2  0 0 0 1 0.002 0.002 0.002
7 0 0 -1.5 1.1 -0.2  0 0 0 1 0.002 0.002 0.002
7 0 0 -2 1.1 -0.2  0 0 0 1 0.002 0.002 0.002
7 0 0 -2.5 1.1 -0.2  0 0 0 1 0.002 0.002 0.002
7 0 0 -3 1.1 -0.2  0 0 0 1 0.002 0.002 0.002
7 0 0 -3.5 1.1 -0.2  0 0 0 1 0.002 0.002 0.002
7 0 0 -4 1.1 -0.2  0 0 0 1 0.002 0.002 0.002